[gd_scene load_steps=7 format=3 uid="uid://bbqh7aqqcpbct"]

[ext_resource type="PackedScene" uid="uid://by83x33xfgerl" path="res://block.tscn" id="1_3hls8"]
[ext_resource type="PackedScene" uid="uid://b1gu2y3dbcxv2" path="res://steve.tscn" id="2_hbghi"]
[ext_resource type="Environment" uid="uid://wduemx5rwlso" path="res://Resources/level_1_env.tres" id="4_ihfcg"]
[ext_resource type="MeshLibrary" uid="uid://d3pukk6bk2gth" path="res://Resources/world-blocks-v1.tres" id="5_5hph3"]
[ext_resource type="PackedScene" uid="uid://cbtrblm3pullt" path="res://coin.tscn" id="5_rka8t"]

[sub_resource type="BoxShape3D" id="BoxShape3D_rka8t"]
size = Vector3(70.5528, 1, 53.0881)

[node name="Level1" type="Node3D"]

[node name="Blocks" type="Node3D" parent="."]

[node name="Block1" parent="Blocks" instance=ExtResource("1_3hls8")]
transform = Transform3D(0.5, 0, 0.866025, -0.224144, 0.965926, 0.12941, -0.836516, -0.258819, 0.482963, 0, 3, 0)

[node name="Block2" parent="Blocks" instance=ExtResource("1_3hls8")]
transform = Transform3D(0.5, -7.19671e-09, 0.866025, 0.229497, 0.964248, -0.1325, -0.835063, 0.265001, 0.482124, 0, 4.69775, 0.284865)

[node name="Block3" parent="Blocks" instance=ExtResource("1_3hls8")]
transform = Transform3D(0.457286, 0.100409, 0.883633, -0.412353, 0.904281, 0.110641, -0.787943, -0.414963, 0.454919, 3.32339, 4.69775, -2.48867)

[node name="Steve" parent="." instance=ExtResource("2_hbghi")]
transform = Transform3D(1, 0, 0, 0, 1, 0, 0, 0, 1, 0, 0.69087, 2.36106)

[node name="Coin1" parent="." instance=ExtResource("5_rka8t")]
transform = Transform3D(1, 0, 0, 0, 1, 0, 0, 0, 1, 4, 2, 0)

[node name="Coin2" parent="." instance=ExtResource("5_rka8t")]
transform = Transform3D(1, 0, 0, 0, 1, 0, 0, 0, 1, 15, 5, 0)

[node name="WorldEnvironment" type="WorldEnvironment" parent="."]
environment = ExtResource("4_ihfcg")

[node name="DirectionalLight3D" type="DirectionalLight3D" parent="."]
transform = Transform3D(-0.707107, -0.5, -0.5, 0, -0.707107, 0.707107, -0.707107, 0.5, 0.5, -5, 4, 0)
light_energy = 5.0
shadow_enabled = true

[node name="GridMap" type="GridMap" parent="."]
mesh_library = ExtResource("5_5hph3")
collision_layer = 2
collision_mask = 13
data = {
"cells": PackedInt32Array(-65536, 1, 0, -65536, 0, 0, -1, 0, 0, -2, 0, 0, -1, 1, 0, -2, 1, 0, -65535, 0, 0, -65535, 1, 0, -65535, 2, 0, -65536, 2, 0, -1, 2, 0, -2, 2, 0, -2, 65535, 0, -1, 65535, 0, -65536, 65535, 0, -65535, 65535, 0, -2, 65530, 0, -2, 65531, 0, -2, 65532, 0, -2, 65533, 0, -2, 65534, 0, -1, 65530, 0, -1, 65531, 0, -1, 65532, 0, -1, 65533, 0, -1, 65534, 0, -65536, 65530, 0, -65536, 65531, 0, -65536, 65532, 0, -65536, 65533, 0, -65536, 65534, 0, -65535, 65530, 0, -65535, 65531, 0, -65535, 65532, 0, -65535, 65533, 0, -65535, 65534, 0, -65534, 2, 5, -65534, 1, 5, -65534, 0, 5, -65534, 65533, 5, -65534, 65532, 5, -65534, 65531, 5, -65534, 65530, 5, -3, 65530, 655365, -3, 65531, 655365, -3, 65532, 655365, -3, 65533, 655365, -3, 65534, 655365, -3, 65535, 655365, -3, 0, 655365, -3, 1, 655365, -3, 2, 655365, -65535, 3, 1441797, -65536, 3, 1441797, -1, 3, 1441797, -2, 3, 1441797, -65535, 65529, 1048581, -65536, 65529, 1048581, -1, 65529, 1048581, -2, 65529, 1048581, -65534, 65529, 1048582, -3, 65529, 655366, -65534, 3, 6, -3, 3, 1441798, -65534, 65535, 1048576, -65534, 65534, 1048576, 3, 65535, 2, 3, 65534, 2, 4, 65535, 1, 4, 65534, 1, 5, 65534, 1048581, 6, 65534, 1048581, 6, 65535, 1441797, 5, 65535, 1441797, 7, 0, 655365, 7, 65533, 655365, 7, 65535, 655360, 7, 65534, 655360, 7, 1, 655365, 7, 65532, 655365, 7, 65531, 655365, 7, 65530, 655365, 8, 1, 5, 8, 0, 5, 7, 2, 3, 7, 3, 3, 8, 3, 3, 8, 2, 3, 8, 65535, 0, 8, 65534, 0, 8, 65533, 0, 8, 65532, 0, 8, 65531, 0, 8, 65530, 0, 9, 65534, 0, 9, 65533, 0, 9, 65532, 0, 9, 65531, 0, 9, 65530, 0, 9, 65535, 1441797, 7, 4, 1441798, 8, 4, 6, 7, 65529, 655366, 8, 65529, 1048581, 9, 65529, 1048581, 10, 65534, 5, 10, 65533, 5, 10, 65530, 5, 10, 65535, 6, 10, 65529, 1048582, 10, 65531, 1048576, 10, 65532, 1048576, 65548, 65531, 1048579, 65548, 65532, 1048579, 65550, 65532, 1048576, 65552, 65533, 655364, 65552, 65534, 655362, 65553, 65533, 1048578, 65551, 65533, 655361, 65552, 65532, 1048577, 65551, 65534, 655361, 65553, 65532, 1048577, 65550, 65531, 1048576, 65551, 65531, 1048576, 65551, 65532, 1048576, 65550, 65533, 1048576, 65550, 65534, 1048576, 65552, 65531, 1048576, 65553, 65531, 1048576)
}
metadata/_editor_floor_ = Vector3(0, 1, 0)

[node name="FallZone" type="Area3D" parent="."]
transform = Transform3D(1, 0, 0, 0, 1, 0, 0, 0, 1, 0, -10, 0)
collision_layer = 16

[node name="CollisionShape3D" type="CollisionShape3D" parent="FallZone"]
transform = Transform3D(1, 0, 0, 0, 1, 0, 0, 0, 1, 18.3048, 0, 1.95859)
shape = SubResource("BoxShape3D_rka8t")

[connection signal="body_entered" from="FallZone" to="Steve" method="_on_fall_zone_body_entered"]
